c This Formular is generated by mcnf
c
c
p cnf 300 1759
257 222 164 0
257 -222 -164 0
-257 222 -164 0
-257 -222 0
-257 -164 0
-222 -164 0
145 63 76 0
145 -63 -76 0
-145 63 -76 0
-145 -63 0
-145 -76 0
-63 -76 0
262 147 148 0
262 -147 -148 0
-262 147 -148 0
-262 -147 0
-262 -148 0
-147 -148 0
273 153 149 0
273 -153 -149 0
-273 153 -149 0
-273 -153 0
-273 -149 0
-153 -149 0
278 5 229 0
278 -5 -229 0
-278 5 -229 0
-278 -5 0
-278 -229 0
-5 -229 0
215 165 17 0
215 -165 -17 0
-215 165 -17 0
-215 -165 0
-215 -17 0
-165 -17 0
12 208 223 0
12 -208 -223 0
-12 208 -223 0
-12 -208 0
-12 -223 0
-208 -223 0
21 2 50 0
21 -2 -50 0
-21 2 -50 0
-21 -2 0
-21 -50 0
-2 -50 0
258 122 38 0
258 -122 -38 0
-258 122 -38 0
-258 -122 0
-258 -38 0
-122 -38 0
34 117 272 0
34 -117 -272 0
-34 117 -272 0
-34 -117 0
-34 -272 0
-117 -272 0
30 115 226 0
30 -115 -226 0
-30 115 -226 0
-30 -115 0
-30 -226 0
-115 -226 0
28 100 96 0
28 -100 -96 0
-28 100 -96 0
-28 -100 0
-28 -96 0
-100 -96 0
128 264 277 0
128 -264 -277 0
-128 264 -277 0
-128 -264 0
-128 -277 0
-264 -277 0
67 84 202 0
67 -84 -202 0
-67 84 -202 0
-67 -84 0
-67 -202 0
-84 -202 0
288 79 6 0
288 -79 -6 0
-288 79 -6 0
-288 -79 0
-288 -6 0
-79 -6 0
211 111 285 0
211 -111 -285 0
-211 111 -285 0
-211 -111 0
-211 -285 0
-111 -285 0
182 123 10 0
182 -123 -10 0
-182 123 -10 0
-182 -123 0
-182 -10 0
-123 -10 0
193 48 90 0
193 -48 -90 0
-193 48 -90 0
-193 -48 0
-193 -90 0
-48 -90 0
46 11 70 0
46 -11 -70 0
-46 11 -70 0
-46 -11 0
-46 -70 0
-11 -70 0
238 163 294 0
238 -163 -294 0
-238 163 -294 0
-238 -163 0
-238 -294 0
-163 -294 0
261 297 179 0
261 -297 -179 0
-261 297 -179 0
-261 -297 0
-261 -179 0
-297 -179 0
89 173 247 0
89 -173 -247 0
-89 173 -247 0
-89 -173 0
-89 -247 0
-173 -247 0
43 107 80 0
43 -107 -80 0
-43 107 -80 0
-43 -107 0
-43 -80 0
-107 -80 0
265 168 228 0
265 -168 -228 0
-265 168 -228 0
-265 -168 0
-265 -228 0
-168 -228 0
27 159 220 0
27 -159 -220 0
-27 159 -220 0
-27 -159 0
-27 -220 0
-159 -220 0
263 254 31 0
263 -254 -31 0
-263 254 -31 0
-263 -254 0
-263 -31 0
-254 -31 0
293 55 249 0
293 -55 -249 0
-293 55 -249 0
-293 -55 0
-293 -249 0
-55 -249 0
227 217 95 0
227 -217 -95 0
-227 217 -95 0
-227 -217 0
-227 -95 0
-217 -95 0
271 73 214 0
271 -73 -214 0
-271 73 -214 0
-271 -73 0
-271 -214 0
-73 -214 0
160 282 235 0
160 -282 -235 0
-160 282 -235 0
-160 -282 0
-160 -235 0
-282 -235 0
129 13 4 0
129 -13 -4 0
-129 13 -4 0
-129 -13 0
-129 -4 0
-13 -4 0
103 161 266 0
103 -161 -266 0
-103 161 -266 0
-103 -161 0
-103 -266 0
-161 -266 0
114 110 109 0
114 -110 -109 0
-114 110 -109 0
-114 -110 0
-114 -109 0
-110 -109 0
192 135 54 0
192 -135 -54 0
-192 135 -54 0
-192 -135 0
-192 -54 0
-135 -54 0
75 33 183 0
75 -33 -183 0
-75 33 -183 0
-75 -33 0
-75 -183 0
-33 -183 0
199 178 23 0
199 -178 -23 0
-199 178 -23 0
-199 -178 0
-199 -23 0
-178 -23 0
71 14 45 0
71 -14 -45 0
-71 14 -45 0
-71 -14 0
-71 -45 0
-14 -45 0
291 92 246 0
291 -92 -246 0
-291 92 -246 0
-291 -92 0
-291 -246 0
-92 -246 0
91 143 298 0
91 -143 -298 0
-91 143 -298 0
-91 -143 0
-91 -298 0
-143 -298 0
224 180 36 0
224 -180 -36 0
-224 180 -36 0
-224 -180 0
-224 -36 0
-180 -36 0
85 280 300 0
85 -280 -300 0
-85 280 -300 0
-85 -280 0
-85 -300 0
-280 -300 0
93 35 292 0
93 -35 -292 0
-93 35 -292 0
-93 -35 0
-93 -292 0
-35 -292 0
133 44 255 0
133 -44 -255 0
-133 44 -255 0
-133 -44 0
-133 -255 0
-44 -255 0
209 29 32 0
209 -29 -32 0
-209 29 -32 0
-209 -29 0
-209 -32 0
-29 -32 0
116 72 49 0
116 -72 -49 0
-116 72 -49 0
-116 -72 0
-116 -49 0
-72 -49 0
203 51 239 0
203 -51 -239 0
-203 51 -239 0
-203 -51 0
-203 -239 0
-51 -239 0
157 243 64 0
157 -243 -64 0
-157 243 -64 0
-157 -243 0
-157 -64 0
-243 -64 0
251 144 136 0
251 -144 -136 0
-251 144 -136 0
-251 -144 0
-251 -136 0
-144 -136 0
198 47 162 0
198 -47 -162 0
-198 47 -162 0
-198 -47 0
-198 -162 0
-47 -162 0
131 20 174 0
131 -20 -174 0
-131 20 -174 0
-131 -20 0
-131 -174 0
-20 -174 0
150 104 87 0
150 -104 -87 0
-150 104 -87 0
-150 -104 0
-150 -87 0
-104 -87 0
152 158 170 0
152 -158 -170 0
-152 158 -170 0
-152 -158 0
-152 -170 0
-158 -170 0
134 130 140 0
134 -130 -140 0
-134 130 -140 0
-134 -130 0
-134 -140 0
-130 -140 0
118 56 207 0
118 -56 -207 0
-118 56 -207 0
-118 -56 0
-118 -207 0
-56 -207 0
74 1 210 0
74 -1 -210 0
-74 1 -210 0
-74 -1 0
-74 -210 0
-1 -210 0
112 186 125 0
112 -186 -125 0
-112 186 -125 0
-112 -186 0
-112 -125 0
-186 -125 0
42 260 276 0
42 -260 -276 0
-42 260 -276 0
-42 -260 0
-42 -276 0
-260 -276 0
219 9 242 0
219 -9 -242 0
-219 9 -242 0
-219 -9 0
-219 -242 0
-9 -242 0
139 146 274 0
139 -146 -274 0
-139 146 -274 0
-139 -146 0
-139 -274 0
-146 -274 0
184 15 204 0
184 -15 -204 0
-184 15 -204 0
-184 -15 0
-184 -204 0
-15 -204 0
245 189 267 0
245 -189 -267 0
-245 189 -267 0
-245 -189 0
-245 -267 0
-189 -267 0
154 248 167 0
154 -248 -167 0
-154 248 -167 0
-154 -248 0
-154 -167 0
-248 -167 0
37 7 299 0
37 -7 -299 0
-37 7 -299 0
-37 -7 0
-37 -299 0
-7 -299 0
253 24 97 0
253 -24 -97 0
-253 24 -97 0
-253 -24 0
-253 -97 0
-24 -97 0
252 237 230 0
252 -237 -230 0
-252 237 -230 0
-252 -237 0
-252 -230 0
-237 -230 0
57 200 221 0
57 -200 -221 0
-57 200 -221 0
-57 -200 0
-57 -221 0
-200 -221 0
281 25 113 0
281 -25 -113 0
-281 25 -113 0
-281 -25 0
-281 -113 0
-25 -113 0
259 240 102 0
259 -240 -102 0
-259 240 -102 0
-259 -240 0
-259 -102 0
-240 -102 0
232 16 39 0
232 -16 -39 0
-232 16 -39 0
-232 -16 0
-232 -39 0
-16 -39 0
77 88 185 0
77 -88 -185 0
-77 88 -185 0
-77 -88 0
-77 -185 0
-88 -185 0
241 156 268 0
241 -156 -268 0
-241 156 -268 0
-241 -156 0
-241 -268 0
-156 -268 0
138 68 101 0
138 -68 -101 0
-138 68 -101 0
-138 -68 0
-138 -101 0
-68 -101 0
99 289 105 0
99 -289 -105 0
-99 289 -105 0
-99 -289 0
-99 -105 0
-289 -105 0
234 296 275 0
234 -296 -275 0
-234 296 -275 0
-234 -296 0
-234 -275 0
-296 -275 0
52 61 94 0
52 -61 -94 0
-52 61 -94 0
-52 -61 0
-52 -94 0
-61 -94 0
177 119 62 0
177 -119 -62 0
-177 119 -62 0
-177 -119 0
-177 -62 0
-119 -62 0
142 225 86 0
142 -225 -86 0
-142 225 -86 0
-142 -225 0
-142 -86 0
-225 -86 0
172 137 151 0
172 -137 -151 0
-172 137 -151 0
-172 -137 0
-172 -151 0
-137 -151 0
212 66 187 0
212 -66 -187 0
-212 66 -187 0
-212 -66 0
-212 -187 0
-66 -187 0
18 295 231 0
18 -295 -231 0
-18 295 -231 0
-18 -295 0
-18 -231 0
-295 -231 0
-164 -229 -38 -277 -10 -179 -220 -214 -109 -45 -300 -49 -162 -140 -276 -267 -230 -39 -105 -86 0
-76 -17 -272 -202 -90 -247 -31 -235 -54 -246 -292 -239 -174 -207 -242 -167 -221 -185 -275 -151 0
-148 -223 -226 -6 -70 -80 -249 -4 -183 -298 -255 -64 -87 -210 -274 -299 -113 -268 -94 -187 0
-149 -50 -96 -285 -294 -228 -95 -266 -23 -36 -32 -136 -170 -125 -204 -97 -102 -101 -62 -231 0
257 278 122 264 123 297 27 73 110 14 280 72 198 134 260 189 237 16 99 142 0
145 215 117 84 48 173 263 282 135 92 35 51 131 118 9 248 200 88 234 172 0
262 12 115 79 11 107 293 13 33 143 44 243 150 74 146 7 25 156 52 212 0
273 21 100 111 163 168 227 161 178 180 29 144 152 112 15 24 240 68 177 18 0
257 278 258 128 182 297 27 271 114 14 280 72 198 134 42 245 237 16 99 142 0
145 215 34 67 193 173 263 160 192 92 35 51 131 118 219 154 200 88 234 172 0
262 12 30 288 46 107 293 129 75 143 44 243 150 74 139 37 25 156 52 212 0
273 21 28 211 238 168 227 103 199 180 29 144 152 112 184 253 240 68 177 18 0
257 5 122 264 123 297 27 271 110 14 280 72 47 130 260 189 237 16 289 225 0
145 165 117 84 48 173 263 160 135 92 35 51 20 56 9 248 200 88 296 137 0
262 208 115 79 11 107 293 129 33 143 44 243 104 1 146 7 25 156 61 66 0
273 2 100 111 163 168 227 103 178 180 29 144 158 186 15 24 240 68 119 295 0
222 5 122 264 123 297 159 73 110 14 280 72 47 130 260 189 237 16 99 225 0
63 165 117 84 48 173 254 282 135 92 35 51 20 56 9 248 200 88 234 137 0
147 208 115 79 11 107 55 13 33 143 44 243 104 1 146 7 25 156 52 66 0
153 2 100 111 163 168 217 161 178 180 29 144 158 186 15 24 240 68 177 295 0
257 278 122 264 123 297 159 73 110 14 280 72 198 134 42 189 237 16 99 142 0
145 215 117 84 48 173 254 282 135 92 35 51 131 118 219 248 200 88 234 172 0
262 12 115 79 11 107 55 13 33 143 44 243 150 74 139 7 25 156 52 212 0
273 21 100 111 163 168 217 161 178 180 29 144 152 112 184 24 240 68 177 18 0
257 278 122 264 123 297 27 73 110 14 280 72 198 134 260 189 237 16 99 142 0
145 215 117 84 48 173 263 282 135 92 35 51 131 118 9 248 200 88 234 172 0
262 12 115 79 11 107 293 13 33 143 44 243 150 74 146 7 25 156 52 212 0
273 21 100 111 163 168 227 161 178 180 29 144 152 112 15 24 240 68 177 18 0
257 5 122 264 123 297 27 73 110 14 280 72 198 134 260 189 237 16 99 142 0
145 165 117 84 48 173 263 282 135 92 35 51 131 118 9 248 200 88 234 172 0
262 208 115 79 11 107 293 13 33 143 44 243 150 74 146 7 25 156 52 212 0
273 2 100 111 163 168 227 161 178 180 29 144 152 112 15 24 240 68 177 18 0
257 278 122 264 123 297 27 73 110 14 280 72 198 134 42 189 237 16 99 142 0
145 215 117 84 48 173 263 282 135 92 35 51 131 118 219 248 200 88 234 172 0
262 12 115 79 11 107 293 13 33 143 44 243 150 74 139 7 25 156 52 212 0
273 21 100 111 163 168 227 161 178 180 29 144 152 112 184 24 240 68 177 18 0
257 278 258 264 123 297 27 271 114 14 280 72 198 134 260 189 237 16 99 142 0
145 215 34 84 48 173 263 160 192 92 35 51 131 118 9 248 200 88 234 172 0
262 12 30 79 11 107 293 129 75 143 44 243 150 74 146 7 25 156 52 212 0
273 21 28 111 163 168 227 103 199 180 29 144 152 112 15 24 240 68 177 18 0
222 5 122 264 123 297 27 271 114 14 280 72 47 130 260 189 237 16 289 225 0
63 165 117 84 48 173 263 160 192 92 35 51 20 56 9 248 200 88 296 137 0
147 208 115 79 11 107 293 129 75 143 44 243 104 1 146 7 25 156 61 66 0
153 2 100 111 163 168 227 103 199 180 29 144 158 186 15 24 240 68 119 295 0
257 278 122 264 123 297 27 73 110 14 280 72 198 134 42 245 237 16 99 142 0
145 215 117 84 48 173 263 282 135 92 35 51 131 118 219 154 200 88 234 172 0
262 12 115 79 11 107 293 13 33 143 44 243 150 74 139 37 25 156 52 212 0
273 21 100 111 163 168 227 161 178 180 29 144 152 112 184 253 240 68 177 18 0
257 5 122 264 123 297 27 271 114 14 280 72 198 134 260 189 237 16 289 225 0
145 165 117 84 48 173 263 160 192 92 35 51 131 118 9 248 200 88 296 137 0
262 208 115 79 11 107 293 129 75 143 44 243 150 74 146 7 25 156 61 66 0
273 2 100 111 163 168 227 103 199 180 29 144 152 112 15 24 240 68 119 295 0
222 5 122 264 123 297 159 73 110 14 280 72 198 130 260 189 237 16 99 225 0
63 165 117 84 48 173 254 282 135 92 35 51 131 56 9 248 200 88 234 137 0
147 208 115 79 11 107 55 13 33 143 44 243 150 1 146 7 25 156 52 66 0
153 2 100 111 163 168 217 161 178 180 29 144 152 186 15 24 240 68 177 295 0
222 5 122 264 123 297 159 73 110 14 280 72 198 134 260 189 237 16 99 142 0
63 165 117 84 48 173 254 282 135 92 35 51 131 118 9 248 200 88 234 172 0
147 208 115 79 11 107 55 13 33 143 44 243 150 74 146 7 25 156 52 212 0
153 2 100 111 163 168 217 161 178 180 29 144 152 112 15 24 240 68 177 18 0
257 5 122 264 123 297 27 73 110 14 280 72 47 130 260 189 237 16 99 225 0
145 165 117 84 48 173 263 282 135 92 35 51 20 56 9 248 200 88 234 137 0
262 208 115 79 11 107 293 13 33 143 44 243 104 1 146 7 25 156 52 66 0
273 2 100 111 163 168 227 161 178 180 29 144 158 186 15 24 240 68 177 295 0
-257 -69 0
-278 -69 0
-258 -69 0
-128 -69 0
-182 -69 0
-261 -69 0
-27 -69 0
-271 -69 0
-114 -69 0
-71 -69 0
-85 -69 0
-116 -69 0
-198 -69 0
-134 -69 0
-42 -69 0
-245 -69 0
-237 -69 0
-16 -69 0
-99 -69 0
-142 -69 0
-145 -197 0
-215 -197 0
-34 -197 0
-67 -197 0
-193 -197 0
-89 -197 0
-263 -197 0
-160 -197 0
-192 -197 0
-291 -197 0
-93 -197 0
-203 -197 0
-131 -197 0
-118 -197 0
-219 -197 0
-154 -197 0
-200 -197 0
-88 -197 0
-234 -197 0
-172 -197 0
-262 -205 0
-12 -205 0
-30 -205 0
-288 -205 0
-46 -205 0
-43 -205 0
-293 -205 0
-129 -205 0
-75 -205 0
-91 -205 0
-133 -205 0
-157 -205 0
-150 -205 0
-74 -205 0
-139 -205 0
-37 -205 0
-25 -205 0
-156 -205 0
-52 -205 0
-212 -205 0
-273 -127 0
-21 -127 0
-28 -127 0
-211 -127 0
-238 -127 0
-265 -127 0
-227 -127 0
-103 -127 0
-199 -127 0
-224 -127 0
-209 -127 0
-251 -127 0
-152 -127 0
-112 -127 0
-184 -127 0
-253 -127 0
-240 -127 0
-68 -127 0
-177 -127 0
-18 -127 0
-257 -65 0
-278 -65 0
-258 -65 0
-128 -65 0
-182 -65 0
-297 -65 0
-27 -65 0
-271 -65 0
-114 -65 0
-71 -65 0
-280 -65 0
-72 -65 0
-198 -65 0
-134 -65 0
-42 -65 0
-245 -65 0
-252 -65 0
-16 -65 0
-99 -65 0
-142 -65 0
-145 -8 0
-215 -8 0
-34 -8 0
-67 -8 0
-193 -8 0
-173 -8 0
-263 -8 0
-160 -8 0
-192 -8 0
-291 -8 0
-35 -8 0
-51 -8 0
-131 -8 0
-118 -8 0
-219 -8 0
-154 -8 0
-57 -8 0
-88 -8 0
-234 -8 0
-172 -8 0
-262 -175 0
-12 -175 0
-30 -175 0
-288 -175 0
-46 -175 0
-107 -175 0
-293 -175 0
-129 -175 0
-75 -175 0
-91 -175 0
-44 -175 0
-243 -175 0
-150 -175 0
-74 -175 0
-139 -175 0
-37 -175 0
-281 -175 0
-156 -175 0
-52 -175 0
-212 -175 0
-273 -279 0
-21 -279 0
-28 -279 0
-211 -279 0
-238 -279 0
-168 -279 0
-227 -279 0
-103 -279 0
-199 -279 0
-224 -279 0
-29 -279 0
-144 -279 0
-152 -279 0
-112 -279 0
-184 -279 0
-253 -279 0
-259 -279 0
-68 -279 0
-177 -279 0
-18 -279 0
-257 -284 0
-278 -284 0
-258 -284 0
-128 -284 0
-182 -284 0
-261 -284 0
-27 -284 0
-271 -284 0
-114 -284 0
-14 -284 0
-280 -284 0
-72 -284 0
-198 -284 0
-134 -284 0
-42 -284 0
-245 -284 0
-252 -284 0
-16 -284 0
-99 -284 0
-142 -284 0
-145 -141 0
-215 -141 0
-34 -141 0
-67 -141 0
-193 -141 0
-89 -141 0
-263 -141 0
-160 -141 0
-192 -141 0
-92 -141 0
-35 -141 0
-51 -141 0
-131 -141 0
-118 -141 0
-219 -141 0
-154 -141 0
-57 -141 0
-88 -141 0
-234 -141 0
-172 -141 0
-262 -176 0
-12 -176 0
-30 -176 0
-288 -176 0
-46 -176 0
-43 -176 0
-293 -176 0
-129 -176 0
-75 -176 0
-143 -176 0
-44 -176 0
-243 -176 0
-150 -176 0
-74 -176 0
-139 -176 0
-37 -176 0
-281 -176 0
-156 -176 0
-52 -176 0
-212 -176 0
-273 -120 0
-21 -120 0
-28 -120 0
-211 -120 0
-238 -120 0
-265 -120 0
-227 -120 0
-103 -120 0
-199 -120 0
-180 -120 0
-29 -120 0
-144 -120 0
-152 -120 0
-112 -120 0
-184 -120 0
-253 -120 0
-259 -120 0
-68 -120 0
-177 -120 0
-18 -120 0
-257 -244 0
-278 -244 0
-258 -244 0
-264 -244 0
-123 -244 0
-297 -244 0
-27 -244 0
-271 -244 0
-114 -244 0
-14 -244 0
-280 -244 0
-72 -244 0
-198 -244 0
-134 -244 0
-42 -244 0
-245 -244 0
-252 -244 0
-232 -244 0
-99 -244 0
-142 -244 0
-145 -169 0
-215 -169 0
-34 -169 0
-84 -169 0
-48 -169 0
-173 -169 0
-263 -169 0
-160 -169 0
-192 -169 0
-92 -169 0
-35 -169 0
-51 -169 0
-131 -169 0
-118 -169 0
-219 -169 0
-154 -169 0
-57 -169 0
-77 -169 0
-234 -169 0
-172 -169 0
-262 -78 0
-12 -78 0
-30 -78 0
-79 -78 0
-11 -78 0
-107 -78 0
-293 -78 0
-129 -78 0
-75 -78 0
-143 -78 0
-44 -78 0
-243 -78 0
-150 -78 0
-74 -78 0
-139 -78 0
-37 -78 0
-281 -78 0
-241 -78 0
-52 -78 0
-212 -78 0
-273 -218 0
-21 -218 0
-28 -218 0
-111 -218 0
-163 -218 0
-168 -218 0
-227 -218 0
-103 -218 0
-199 -218 0
-180 -218 0
-29 -218 0
-144 -218 0
-152 -218 0
-112 -218 0
-184 -218 0
-253 -218 0
-259 -218 0
-138 -218 0
-177 -218 0
-18 -218 0
-257 -19 0
-278 -19 0
-258 -19 0
-128 -19 0
-182 -19 0
-261 -19 0
-27 -19 0
-271 -19 0
-114 -19 0
-14 -19 0
-280 -19 0
-72 -19 0
-198 -19 0
-134 -19 0
-42 -19 0
-245 -19 0
-252 -19 0
-16 -19 0
-99 -19 0
-142 -19 0
-145 -206 0
-215 -206 0
-34 -206 0
-67 -206 0
-193 -206 0
-89 -206 0
-263 -206 0
-160 -206 0
-192 -206 0
-92 -206 0
-35 -206 0
-51 -206 0
-131 -206 0
-118 -206 0
-219 -206 0
-154 -206 0
-57 -206 0
-88 -206 0
-234 -206 0
-172 -206 0
-262 -269 0
-12 -269 0
-30 -269 0
-288 -269 0
-46 -269 0
-43 -269 0
-293 -269 0
-129 -269 0
-75 -269 0
-143 -269 0
-44 -269 0
-243 -269 0
-150 -269 0
-74 -269 0
-139 -269 0
-37 -269 0
-281 -269 0
-156 -269 0
-52 -269 0
-212 -269 0
-273 -188 0
-21 -188 0
-28 -188 0
-211 -188 0
-238 -188 0
-265 -188 0
-227 -188 0
-103 -188 0
-199 -188 0
-180 -188 0
-29 -188 0
-144 -188 0
-152 -188 0
-112 -188 0
-184 -188 0
-253 -188 0
-259 -188 0
-68 -188 0
-177 -188 0
-18 -188 0
-257 -58 0
-278 -58 0
-258 -58 0
-264 -58 0
-123 -58 0
-297 -58 0
-27 -58 0
-271 -58 0
-114 -58 0
-71 -58 0
-85 -58 0
-116 -58 0
-198 -58 0
-134 -58 0
-42 -58 0
-189 -58 0
-237 -58 0
-16 -58 0
-289 -58 0
-225 -58 0
-145 -3 0
-215 -3 0
-34 -3 0
-84 -3 0
-48 -3 0
-173 -3 0
-263 -3 0
-160 -3 0
-192 -3 0
-291 -3 0
-93 -3 0
-203 -3 0
-131 -3 0
-118 -3 0
-219 -3 0
-248 -3 0
-200 -3 0
-88 -3 0
-296 -3 0
-137 -3 0
-262 -196 0
-12 -196 0
-30 -196 0
-79 -196 0
-11 -196 0
-107 -196 0
-293 -196 0
-129 -196 0
-75 -196 0
-91 -196 0
-133 -196 0
-157 -196 0
-150 -196 0
-74 -196 0
-139 -196 0
-7 -196 0
-25 -196 0
-156 -196 0
-61 -196 0
-66 -196 0
-273 -236 0
-21 -236 0
-28 -236 0
-111 -236 0
-163 -236 0
-168 -236 0
-227 -236 0
-103 -236 0
-199 -236 0
-224 -236 0
-209 -236 0
-251 -236 0
-152 -236 0
-112 -236 0
-184 -236 0
-24 -236 0
-240 -236 0
-68 -236 0
-119 -236 0
-295 -236 0
-257 -216 0
-278 -216 0
-258 -216 0
-128 -216 0
-182 -216 0
-261 -216 0
-27 -216 0
-271 -216 0
-114 -216 0
-71 -216 0
-280 -216 0
-72 -216 0
-198 -216 0
-134 -216 0
-42 -216 0
-245 -216 0
-252 -216 0
-232 -216 0
-99 -216 0
-142 -216 0
-145 -195 0
-215 -195 0
-34 -195 0
-67 -195 0
-193 -195 0
-89 -195 0
-263 -195 0
-160 -195 0
-192 -195 0
-291 -195 0
-35 -195 0
-51 -195 0
-131 -195 0
-118 -195 0
-219 -195 0
-154 -195 0
-57 -195 0
-77 -195 0
-234 -195 0
-172 -195 0
-262 -171 0
-12 -171 0
-30 -171 0
-288 -171 0
-46 -171 0
-43 -171 0
-293 -171 0
-129 -171 0
-75 -171 0
-91 -171 0
-44 -171 0
-243 -171 0
-150 -171 0
-74 -171 0
-139 -171 0
-37 -171 0
-281 -171 0
-241 -171 0
-52 -171 0
-212 -171 0
-273 -213 0
-21 -213 0
-28 -213 0
-211 -213 0
-238 -213 0
-265 -213 0
-227 -213 0
-103 -213 0
-199 -213 0
-224 -213 0
-29 -213 0
-144 -213 0
-152 -213 0
-112 -213 0
-184 -213 0
-253 -213 0
-259 -213 0
-138 -213 0
-177 -213 0
-18 -213 0
-257 -194 0
-278 -194 0
-258 -194 0
-128 -194 0
-182 -194 0
-297 -194 0
-27 -194 0
-271 -194 0
-114 -194 0
-71 -194 0
-280 -194 0
-72 -194 0
-198 -194 0
-134 -194 0
-42 -194 0
-245 -194 0
-252 -194 0
-232 -194 0
-99 -194 0
-142 -194 0
-145 -201 0
-215 -201 0
-34 -201 0
-67 -201 0
-193 -201 0
-173 -201 0
-263 -201 0
-160 -201 0
-192 -201 0
-291 -201 0
-35 -201 0
-51 -201 0
-131 -201 0
-118 -201 0
-219 -201 0
-154 -201 0
-57 -201 0
-77 -201 0
-234 -201 0
-172 -201 0
-262 -233 0
-12 -233 0
-30 -233 0
-288 -233 0
-46 -233 0
-107 -233 0
-293 -233 0
-129 -233 0
-75 -233 0
-91 -233 0
-44 -233 0
-243 -233 0
-150 -233 0
-74 -233 0
-139 -233 0
-37 -233 0
-281 -233 0
-241 -233 0
-52 -233 0
-212 -233 0
-273 -83 0
-21 -83 0
-28 -83 0
-211 -83 0
-238 -83 0
-168 -83 0
-227 -83 0
-103 -83 0
-199 -83 0
-224 -83 0
-29 -83 0
-144 -83 0
-152 -83 0
-112 -83 0
-184 -83 0
-253 -83 0
-259 -83 0
-138 -83 0
-177 -83 0
-18 -83 0
-257 -26 0
-278 -26 0
-258 -26 0
-128 -26 0
-182 -26 0
-297 -26 0
-27 -26 0
-271 -26 0
-114 -26 0
-71 -26 0
-85 -26 0
-72 -26 0
-198 -26 0
-134 -26 0
-42 -26 0
-245 -26 0
-252 -26 0
-232 -26 0
-99 -26 0
-142 -26 0
-145 -124 0
-215 -124 0
-34 -124 0
-67 -124 0
-193 -124 0
-173 -124 0
-263 -124 0
-160 -124 0
-192 -124 0
-291 -124 0
-93 -124 0
-51 -124 0
-131 -124 0
-118 -124 0
-219 -124 0
-154 -124 0
-57 -124 0
-77 -124 0
-234 -124 0
-172 -124 0
-262 -250 0
-12 -250 0
-30 -250 0
-288 -250 0
-46 -250 0
-107 -250 0
-293 -250 0
-129 -250 0
-75 -250 0
-91 -250 0
-133 -250 0
-243 -250 0
-150 -250 0
-74 -250 0
-139 -250 0
-37 -250 0
-281 -250 0
-241 -250 0
-52 -250 0
-212 -250 0
-273 -82 0
-21 -82 0
-28 -82 0
-211 -82 0
-238 -82 0
-168 -82 0
-227 -82 0
-103 -82 0
-199 -82 0
-224 -82 0
-209 -82 0
-144 -82 0
-152 -82 0
-112 -82 0
-184 -82 0
-253 -82 0
-259 -82 0
-138 -82 0
-177 -82 0
-18 -82 0
-257 -60 0
-278 -60 0
-258 -60 0
-264 -60 0
-123 -60 0
-297 -60 0
-27 -60 0
-271 -60 0
-110 -60 0
-14 -60 0
-280 -60 0
-72 -60 0
-198 -60 0
-134 -60 0
-260 -60 0
-189 -60 0
-237 -60 0
-16 -60 0
-99 -60 0
-142 -60 0
-145 -106 0
-215 -106 0
-34 -106 0
-84 -106 0
-48 -106 0
-173 -106 0
-263 -106 0
-160 -106 0
-135 -106 0
-92 -106 0
-35 -106 0
-51 -106 0
-131 -106 0
-118 -106 0
-9 -106 0
-248 -106 0
-200 -106 0
-88 -106 0
-234 -106 0
-172 -106 0
-262 -283 0
-12 -283 0
-30 -283 0
-79 -283 0
-11 -283 0
-107 -283 0
-293 -283 0
-129 -283 0
-33 -283 0
-143 -283 0
-44 -283 0
-243 -283 0
-150 -283 0
-74 -283 0
-146 -283 0
-7 -283 0
-25 -283 0
-156 -283 0
-52 -283 0
-212 -283 0
-273 -40 0
-21 -40 0
-28 -40 0
-111 -40 0
-163 -40 0
-168 -40 0
-227 -40 0
-103 -40 0
-178 -40 0
-180 -40 0
-29 -40 0
-144 -40 0
-152 -40 0
-112 -40 0
-15 -40 0
-24 -40 0
-240 -40 0
-68 -40 0
-177 -40 0
-18 -40 0
-257 -132 0
-278 -132 0
-258 -132 0
-128 -132 0
-182 -132 0
-261 -132 0
-27 -132 0
-271 -132 0
-114 -132 0
-71 -132 0
-85 -132 0
-116 -132 0
-198 -132 0
-134 -132 0
-42 -132 0
-245 -132 0
-252 -132 0
-16 -132 0
-99 -132 0
-142 -132 0
-145 -166 0
-215 -166 0
-34 -166 0
-67 -166 0
-193 -166 0
-89 -166 0
-263 -166 0
-160 -166 0
-192 -166 0
-291 -166 0
-93 -166 0
-203 -166 0
-131 -166 0
-118 -166 0
-219 -166 0
-154 -166 0
-57 -166 0
-88 -166 0
-234 -166 0
-172 -166 0
-262 -81 0
-12 -81 0
-30 -81 0
-288 -81 0
-46 -81 0
-43 -81 0
-293 -81 0
-129 -81 0
-75 -81 0
-91 -81 0
-133 -81 0
-157 -81 0
-150 -81 0
-74 -81 0
-139 -81 0
-37 -81 0
-281 -81 0
-156 -81 0
-52 -81 0
-212 -81 0
-273 -181 0
-21 -181 0
-28 -181 0
-211 -181 0
-238 -181 0
-265 -181 0
-227 -181 0
-103 -181 0
-199 -181 0
-224 -181 0
-209 -181 0
-251 -181 0
-152 -181 0
-112 -181 0
-184 -181 0
-253 -181 0
-259 -181 0
-68 -181 0
-177 -181 0
-18 -181 0
-257 -98 0
-278 -98 0
-258 -98 0
-128 -98 0
-182 -98 0
-297 -98 0
-27 -98 0
-271 -98 0
-114 -98 0
-71 -98 0
-280 -98 0
-72 -98 0
-198 -98 0
-134 -98 0
-42 -98 0
-245 -98 0
-252 -98 0
-16 -98 0
-99 -98 0
-142 -98 0
-145 -108 0
-215 -108 0
-34 -108 0
-67 -108 0
-193 -108 0
-173 -108 0
-263 -108 0
-160 -108 0
-192 -108 0
-291 -108 0
-35 -108 0
-51 -108 0
-131 -108 0
-118 -108 0
-219 -108 0
-154 -108 0
-57 -108 0
-88 -108 0
-234 -108 0
-172 -108 0
-262 -256 0
-12 -256 0
-30 -256 0
-288 -256 0
-46 -256 0
-107 -256 0
-293 -256 0
-129 -256 0
-75 -256 0
-91 -256 0
-44 -256 0
-243 -256 0
-150 -256 0
-74 -256 0
-139 -256 0
-37 -256 0
-281 -256 0
-156 -256 0
-52 -256 0
-212 -256 0
-273 -53 0
-21 -53 0
-28 -53 0
-211 -53 0
-238 -53 0
-168 -53 0
-227 -53 0
-103 -53 0
-199 -53 0
-224 -53 0
-29 -53 0
-144 -53 0
-152 -53 0
-112 -53 0
-184 -53 0
-253 -53 0
-259 -53 0
-68 -53 0
-177 -53 0
-18 -53 0
-257 -59 0
-278 -59 0
-258 -59 0
-128 -59 0
-123 -59 0
-297 -59 0
-27 -59 0
-271 -59 0
-110 -59 0
-14 -59 0
-280 -59 0
-72 -59 0
-198 -59 0
-134 -59 0
-42 -59 0
-245 -59 0
-237 -59 0
-16 -59 0
-99 -59 0
-142 -59 0
-145 -22 0
-215 -22 0
-34 -22 0
-67 -22 0
-48 -22 0
-173 -22 0
-263 -22 0
-160 -22 0
-135 -22 0
-92 -22 0
-35 -22 0
-51 -22 0
-131 -22 0
-118 -22 0
-219 -22 0
-154 -22 0
-200 -22 0
-88 -22 0
-234 -22 0
-172 -22 0
-262 -191 0
-12 -191 0
-30 -191 0
-288 -191 0
-11 -191 0
-107 -191 0
-293 -191 0
-129 -191 0
-33 -191 0
-143 -191 0
-44 -191 0
-243 -191 0
-150 -191 0
-74 -191 0
-139 -191 0
-37 -191 0
-25 -191 0
-156 -191 0
-52 -191 0
-212 -191 0
-273 -41 0
-21 -41 0
-28 -41 0
-211 -41 0
-163 -41 0
-168 -41 0
-227 -41 0
-103 -41 0
-178 -41 0
-180 -41 0
-29 -41 0
-144 -41 0
-152 -41 0
-112 -41 0
-184 -41 0
-253 -41 0
-240 -41 0
-68 -41 0
-177 -41 0
-18 -41 0
-257 -270 0
-278 -270 0
-122 -270 0
-264 -270 0
-123 -270 0
-297 -270 0
-159 -270 0
-73 -270 0
-110 -270 0
-14 -270 0
-280 -270 0
-72 -270 0
-198 -270 0
-134 -270 0
-42 -270 0
-245 -270 0
-237 -270 0
-16 -270 0
-99 -270 0
-142 -270 0
-145 -155 0
-215 -155 0
-117 -155 0
-84 -155 0
-48 -155 0
-173 -155 0
-254 -155 0
-282 -155 0
-135 -155 0
-92 -155 0
-35 -155 0
-51 -155 0
-131 -155 0
-118 -155 0
-219 -155 0
-154 -155 0
-200 -155 0
-88 -155 0
-234 -155 0
-172 -155 0
-262 -290 0
-12 -290 0
-115 -290 0
-79 -290 0
-11 -290 0
-107 -290 0
-55 -290 0
-13 -290 0
-33 -290 0
-143 -290 0
-44 -290 0
-243 -290 0
-150 -290 0
-74 -290 0
-139 -290 0
-37 -290 0
-25 -290 0
-156 -290 0
-52 -290 0
-212 -290 0
-273 -190 0
-21 -190 0
-100 -190 0
-111 -190 0
-163 -190 0
-168 -190 0
-217 -190 0
-161 -190 0
-178 -190 0
-180 -190 0
-29 -190 0
-144 -190 0
-152 -190 0
-112 -190 0
-184 -190 0
-253 -190 0
-240 -190 0
-68 -190 0
-177 -190 0
-18 -190 0
-257 -121 0
-278 -121 0
-258 -121 0
-128 -121 0
-182 -121 0
-297 -121 0
-27 -121 0
-271 -121 0
-114 -121 0
-71 -121 0
-85 -121 0
-116 -121 0
-198 -121 0
-134 -121 0
-42 -121 0
-245 -121 0
-252 -121 0
-16 -121 0
-99 -121 0
-142 -121 0
-145 -286 0
-215 -286 0
-34 -286 0
-67 -286 0
-193 -286 0
-173 -286 0
-263 -286 0
-160 -286 0
-192 -286 0
-291 -286 0
-93 -286 0
-203 -286 0
-131 -286 0
-118 -286 0
-219 -286 0
-154 -286 0
-57 -286 0
-88 -286 0
-234 -286 0
-172 -286 0
-262 -287 0
-12 -287 0
-30 -287 0
-288 -287 0
-46 -287 0
-107 -287 0
-293 -287 0
-129 -287 0
-75 -287 0
-91 -287 0
-133 -287 0
-157 -287 0
-150 -287 0
-74 -287 0
-139 -287 0
-37 -287 0
-281 -287 0
-156 -287 0
-52 -287 0
-212 -287 0
-273 -126 0
-21 -126 0
-28 -126 0
-211 -126 0
-238 -126 0
-168 -126 0
-227 -126 0
-103 -126 0
-199 -126 0
-224 -126 0
-209 -126 0
-251 -126 0
-152 -126 0
-112 -126 0
-184 -126 0
-253 -126 0
-259 -126 0
-68 -126 0
-177 -126 0
-18 -126 0
69 197 205 127 0
65 8 175 279 0
284 141 176 120 0
244 169 78 218 0
19 206 269 188 0
58 3 196 236 0
216 195 171 213 0
194 201 233 83 0
26 124 250 82 0
60 106 283 40 0
132 166 81 181 0
98 108 256 53 0
59 22 191 41 0
270 155 290 190 0
121 286 287 126 0
